function fitness = calculateFitness(gene)

% %     rhos_best = [24.5;2.5;-0.142857142857143;0.0857142857142857;-0.0857142857142857];
    
    data_best1 = [0,0,0,0;0.000159035858480688,0.0318058028258629,6.36013547867061e-05,0.0127171257989570;0.000636250961316484,0.0636531280722596,0.000254293532309682,0.0254196562579056;0.00143256004488793,0.0956411433037252,0.000571973537156765,0.0381161104886126;0.00254987403306973,0.127869475487626,0.00101662393963586,0.0508150452699163;0.00399109275813844,0.160438619488433,0.00158831215897759,0.0635250929523893;0.00576012517710519,0.193450115795519,0.00228719233072580,0.0762549816569109;0.00786190240611221,0.227006000495260,0.00311350646855000,0.0890134891062043;0.0103023921727903,0.261209914667973,0.00406758600198257,0.101809552425792;0.0130886123357858,0.296167664244372,0.00514985309271281,0.114652323142444;0.0162286310856766,0.331987221146908,0.00636082065504513,0.127551167342746;0.0197316178893147,0.368778800948588,0.00770109746100738,0.140515686819854;0.0236078371764797,0.406654470872651,0.00917138752330850,0.153555688766331;0.0278686969642114,0.445729284470191,0.0107724956436397,0.166681312235691;0.0325267960608394,0.486121746654413,0.0125053323291718,0.179903084492690;0.0375959243146162,0.527953814591386,0.0143709138225084,0.193231921230058;0.0430911161215644,0.571350916965754,0.0163703685633637,0.206679161569844;0.0490286268709349,0.616441517465367,0.0185049348015628,0.220256537517459;0.0554260322550487,0.663358070054333,0.0207759731787684,0.233976323062418;0.0623022956113908,0.712237407933813,0.0231849749131299,0.247851405648451;0.0696777681853967,0.763220743502918,0.0257335618425629,0.261895286480854;0.0775742382798740,0.816453450124358,0.0284234950814758,0.276122136319537;0.0860148916629630,0.872084505940833,0.0312566706740731,0.290546764726269;0.0950244429535303,0.930266996950387,0.0342351409245363,0.305184810085356;0.104629213225318,0.991158259406729,0.0373611269053277,0.320052835680344;0.114857130194097,1.05491987747499,0.0406370185193750,0.335168330121277;0.125737753160522,1.12171686546714,0.0440653865746531,0.350549791701794;0.137302218735191,1.19171683437645,0.0476489763083103,0.366216702339922;0.149583360513904,1.26508947770778,0.0513907401190463,0.382189772603996;0.162615771838717,1.34200612028513,0.0552938559547411,0.398491070020383;0.176435805726304,1.42263971159330,0.0593617273992642,0.415144019574725;0.191081533170971,1.50716282947517,0.0635980005435457,0.432173511699621;0.206592671527192,1.59574619931830,0.0680065556633250,0.449605898683509;0.223010607579792,1.68855645188506,0.0725915539636388,0.467469264487097;0.240378395617531,1.78575460701484,0.0773574633748216,0.485793569283566;0.258740756840875,1.88749606191473,0.0823090586609732,0.504610649694743;0.278143903849721,1.99392697555463,0.0874514429242631,0.523954284978785;0.298635427142364,2.10518139474566,0.0927900391213156,0.543860248317412;0.320264111050008,2.22137758648547,0.0983306486765439,0.564366415580746;0.343079799965532,2.34261544989490,0.104079483563715,0.585512824741677;0.367133397115859,2.46897650575545,0.110043166401015,0.607341674941936;0.392476503778149,2.60051977566225,0.116228749576432,0.629897138703855;0.419161185329679,2.73727687002766,0.122643709609791,0.653225433641487;0.447239571323282,2.87925096217906,0.129295999524416,0.677374333399613;0.476763574599789,3.02641513140416,0.136194076975368,0.702392894496114;0.507784889963926,3.17871237230586,0.143346904244232,0.728331453336405;0.540354536977091,3.33605574396521,0.150763944025347,0.755240874398364;0.574522415797536,3.49832345454507,0.158455152238726,0.783172310266805;0.610337027763425,3.66536872175481,0.166430984513667,0.812175908605217;0.647845219991442,3.83702385806477,0.174702397149651,0.842300036197267;0.687092185376800,4.01310027070629,0.183280847116337,0.873591278946803];
    data_best2 = [0,0,0,0;-0.000159035858480688,-0.0318058028258629,-6.36013547867061e-05,-0.0127171257989570;-0.000636250961316484,-0.0636531280722596,-0.000254293532309682,-0.0254196562579056;-0.00143256004488793,-0.0956411433037252,-0.000571973537156765,-0.0381161104886126;-0.00254987403306973,-0.127869475487626,-0.00101662393963586,-0.0508150452699163;-0.00399109275813844,-0.160438619488433,-0.00158831215897759,-0.0635250929523893;-0.00576012517710519,-0.193450115795519,-0.00228719233072580,-0.0762549816569109;-0.00786190240611221,-0.227006000495260,-0.00311350646855000,-0.0890134891062043;-0.0103023921727903,-0.261209914667973,-0.00406758600198257,-0.101809552425792;-0.0130886123357858,-0.296167664244372,-0.00514985309271281,-0.114652323142444;-0.0162286310856766,-0.331987221146908,-0.00636082065504513,-0.127551167342746;-0.0197316178893147,-0.368778800948588,-0.00770109746100738,-0.140515686819854;-0.0236078371764797,-0.406654470872651,-0.00917138752330850,-0.153555688766331;-0.0278686969642114,-0.445729284470191,-0.0107724956436397,-0.166681312235691;-0.0325267960608394,-0.486121746654413,-0.0125053323291718,-0.179903084492690;-0.0375959243146162,-0.527953814591386,-0.0143709138225084,-0.193231921230058;-0.0430911161215644,-0.571350916965754,-0.0163703685633637,-0.206679161569844;-0.0490286268709349,-0.616441517465367,-0.0185049348015628,-0.220256537517459;-0.0554260322550487,-0.663358070054333,-0.0207759731787684,-0.233976323062418;-0.0623022956113908,-0.712237407933813,-0.0231849749131299,-0.247851405648451;-0.0696777681853967,-0.763220743502918,-0.0257335618425629,-0.261895286480854;-0.0775742382798740,-0.816453450124358,-0.0284234950814758,-0.276122136319537;-0.0860148916629630,-0.872084505940833,-0.0312566706740731,-0.290546764726269;-0.0950244429535303,-0.930266996950387,-0.0342351409245363,-0.305184810085356;-0.104629213225318,-0.991158259406729,-0.0373611269053277,-0.320052835680344;-0.114857130194097,-1.05491987747499,-0.0406370185193750,-0.335168330121277;-0.125737753160522,-1.12171686546714,-0.0440653865746531,-0.350549791701794;-0.137302218735191,-1.19171683437645,-0.0476489763083103,-0.366216702339922;-0.149583360513904,-1.26508947770778,-0.0513907401190463,-0.382189772603996;-0.162615771838717,-1.34200612028513,-0.0552938559547411,-0.398491070020383;-0.176435805726304,-1.42263971159330,-0.0593617273992642,-0.415144019574725;-0.191081533170971,-1.50716282947517,-0.0635980005435457,-0.432173511699621;-0.206592671527192,-1.59574619931830,-0.0680065556633250,-0.449605898683509;-0.223010607579792,-1.68855645188506,-0.0725915539636388,-0.467469264487097;-0.240378395617531,-1.78575460701484,-0.0773574633748216,-0.485793569283566;-0.258740756840875,-1.88749606191473,-0.0823090586609732,-0.504610649694743;-0.278143903849721,-1.99392697555463,-0.0874514429242631,-0.523954284978785;-0.298635427142364,-2.10518139474566,-0.0927900391213156,-0.543860248317412;-0.320264111050008,-2.22137758648547,-0.0983306486765439,-0.564366415580746;-0.343079799965532,-2.34261544989490,-0.104079483563715,-0.585512824741677;-0.367133397115859,-2.46897650575545,-0.110043166401015,-0.607341674941936;-0.392476503778149,-2.60051977566225,-0.116228749576432,-0.629897138703855;-0.419161185329679,-2.73727687002766,-0.122643709609791,-0.653225433641487;-0.447239571323282,-2.87925096217906,-0.129295999524416,-0.677374333399613;-0.476763574599789,-3.02641513140416,-0.136194076975368,-0.702392894496114;-0.507784889963926,-3.17871237230586,-0.143346904244232,-0.728331453336405;-0.540354536977091,-3.33605574396521,-0.150763944025347,-0.755240874398364;-0.574522415797536,-3.49832345454507,-0.158455152238726,-0.783172310266805;-0.610337027763425,-3.66536872175481,-0.166430984513667,-0.812175908605217;-0.647845219991442,-3.83702385806477,-0.174702397149651,-0.842300036197267;-0.687092185376800,-4.01310027070629,-0.183280847116337,-0.873591278946803];
    
    tspan = 0:0.01:0.5;
    y0 = [0 0 0 0];
